$ANSIBLE_VAULT;1.1;AES256
65666139626635363137393230353062396139363635383265366565613931633937396630306335
3966386534346661633338663531623039346565616138370a333063383665316161666562363632
66366338326266633063646163306635313465323533353336386439663239623036613430356365
6238363639616536380a323066333063396430643337363830336234626363623430353030373231
62623563626566326561613634626135326662373835646235636166363364666339386362313233
30396466633662343031373061343062653664383165343136643139313239383932656534623465
34393738333062663337623131353764363732366261343563666533616363613936393236333463
36613238643264383435343936613932353233366436393332623631393838326466393430376132
64633864383733396262353432633739383665646263383736313036623765306465303535346431
37393233333235353139346432363063643735376163396532353766303530386562353461396362
62633565353731303331663432333939626533343837366630636437623330383438363439383839
32663763373633356630633065623835316265613933373363346134643065613039383230653963
33643432373238316138393863623663376633666536653535386238353434626531386166363963
37386237383735643936316161363531383132613463366161653665666266343662316464396536
66636138373734396165306134666435623735643765326138346533383537373962396538333030
33393336306137343338343535353031346338383165353938643433363334656266336438356164
37633163653037376632613135333863363432653332346361363038396134326364386538653064
64383338383539333439333036316533356262663861363362343437326635353039333564363634
66643538623235396238646135363939323934393366333038313135343865343535313733363963
39363931363364373139306464303139386630613438383634356330383631653565326139323233
65633933666238643531373765383164643735393534643933376566373336646533386332316262
36366461363063386339303631623334666637653533373663616466613437303266623734666632
33383464623030643261343139633431343162643664323935393131303638346162373339343661
33353036373732393262613064363735336162386566363239316437316438373761363064386235
32366562613539316139636334363135376165353432623239636161333363613261643166643439
66373438343337306535343234323236643638363031633537383831343037323831306164306336
39376465353765666534323038646466613931613738666236313937323638323539383166363730
39653635373665633964656361623932306237383231373365613763373963323465616133633032
66376462623436643634666431346430353835376566643564666164613531613866643365316466
32646335323630366435623134326535333735636636376439393334333066333662306362663138
39383331653166373936363138376463616439366664356134623038333366363664303038333930
31303863626135396332633564653063343466363233613639396436376136633338396637393534
36646564333561313066663534666435663734366162663231666334663966373763313566363365
32323261336331316630636535373632643233666438613636643065613435656261396363303339
33626364666466373462336266306237303265646163623537316437656461623161383837323233
32363538393266396564393663656335373134393431643339356162646334303437623164626236
38343365626230636636396464333765373966646532616138356132343963373833636535363562
38313063623332643066656465303130366666373363306535336137313136363664663134643538
36656365643533303131656331313564643431623339343865373364326231353763393761346134
62303332303332616365386265663535303335653138353137343136373738313265326366323937
30343162313664323561616539616631656431646533613362393431333836643265326332353435
33623664333333383638666338373066326533376262626266636339663235376132623732313466
32383838373861333865626532303461383333336466326636636436316263363633373630303864
63646662363062656361366333613663363136343063363936646362646664323639646632306139
32643465346137343831343937376537383038396137646162343332383035666634346362346464
61353537303165343966326566616664306436333463653963636436333866303335303563323539
33306166326534393461353730343537613764333031356331643466633565633631313865323461
35626432303230616630383464303034623333303864653162393063626161616237363431653133
62396435613836623330393337363735663065653034633330386664353064346161343663613762
32626237313033363138393731663339363130303166386364623739383035633038666562633362
66663561306534386164396530663832393561663935366166366334393961373637326138623935
33363561336462306562636566656635643231363666343235613833323339623765386533363566
65636435323961623231623965363264333130353863626139366461623134643963316538303165
33306338616262346633316566303733373435636137323261323663643936303939613030396164
64636338633064663134373865373136613463626238613066373337346236393737313531633837
34363464386232303632643231653864353238613836643230323939623962623233343331653337
31366661346237383763396339643162336436313866373865623365353531653231613532333565
63336435643731313635306630343039333030663438656663326335643133666231626164383564
37386630356230326330356136363231333962653963373531376632303039316639316237373738
35616563366635643364656431613265333061306236356236663537316638373037653762386233
38623239663138323364656365363732383462653536623162626661306230643861613338393036
66396338326363353163383764656338636238313230346564643634623139356635363732646133
33373135653063306264663664383465373463333330366166633739653865373162363865666237
36356666633834386430636539613961666566626135373762633437303966316630656366393838
35383262373837316238393738393762306465303735636135376539626365306233313031653332
61343766653963316438646466613063393931363465653265376235316464393936643162616464
37393363336463623566656632336230323065623161326435643130383162313631396561636133
63633862663561636635613066326162326666353339626233613439346263636130343939313465
39646265383266666633616265393037396262303563646534376137373837343732636664376330
30633231326437626664353832346633306662616334313031323266656439356163376466343733
64356466623362313434663034383862353565613230623764613865633466396238336638633166
66366136313230666534343739393035333836643838636239393261633465343662386539363032
34366363643332623337313163373238313939656362396565303237353539666364393636623139
61623438363331323830396438643935666663646536396562626138613464633862346163653363
34636233393432356435326164643264646163343761626431343964326465656266636337353838
32393136363964616262393032666264303164396435383730306666386638363738336166643631
62623932316236663238376439633431373532613562353634353563376563353738616133366131
39613762643066383739333933666437633563326530353466366632626437636436653631356336
39303766396637666338643939306566656235326466366139626637386635303430306437333561
30326139623033363035306234636261336437626132633533643462626137653965376435313066
38393963303135383035646263343465326466373931636333363030643163336361313832626266
34353332663265366335303034386539326130373038333138323063666336353835336139306533
33353266643564323866643832383631396261366334396461656363383730623563623239366336
33643438393333643537323031353939323036343033653762616538356161626261333030643266
31343366383032656430396234303963343434623534373835633330333338323164353333336263
35356461613064343835663066666437643966613238393163643732643435323239393365336264
38353430303231616234626239616538643935356135666566663739623834633334313837303530
61303031366366356665616335366535623361623439383534663762336131646161356665326431
65323535336335666633316665613134323432386561363764323361366665613931343264303266
33323265373338306565343331323238663164353262383764303137613132303038396233303733
65396533653131336666646132323832383861316166363434646265353039363532376236653038
62613138363534643465373235343336393639323464656138363262663932626664643231323634
39363134633930363934383037333931653463353432616439353861383938623131373137666465
34376134393362663435666235646565653761633138396564366333303765666562633133646561
33383334343764336634333238636334633364363566313931613461346532393732633038616662
38366565373537663565383530636430643731323036396434616662303333633134326331613061
37373465313264386662626463336639666233663133336632306234393339626438366165366465
36613364646331396464663138636462636533316639383362313930396139613263646534393163
62613331316563663231653233376637323264653238313166636233666238666230336533386236
39373761653666306633386634313130306664323333396332376334653364356566306631356239
33393832363135663165363930333132616465666664303932653534303461623264356430373964
63623662343534633766376462613733636262653837363236316263343233343238613137396263
31326639333630373565663631633032386338346164373862346161326339626430386337333039
33303064656432616538633664386134373863336634633733353837393962353666393639623264
39353939623762343830356439353664313533336637633934383837383334356533393230303938
65323734633331323363343264613135306365316465663466313639336465613263393236633736
32373830386462613530386338623831363534656363356632363064636166313033623638303333
39663961353966306663663666633762313537363536363839613139313161386637336538613330
35366433316234633530303137373361613631313536303834363730323162623631383131646164
38373534663239386331396638636134346239323462313535326461653761353034633666613332
64643030636535356638376462376539396639656431616435663562313932373533353039383165
61303862393832336632383764336565383238353532363562353339656635323734626636306466
32613966643830346432366433376230633032323464373338663363663736396363626265636662
34333335303133323561653035353934363635393230386463333531623834666663663935643435
64323038383866643364353664363466336230626238303161663035343334333431663435373833
35366530653637643265383266396532636466643237326538356331666230663239383662636436
62623930383163303362623235653765636638636334383361613931313332396434613862383037
66373236626366333164326334313934353039366666333938363761333236313735656638393862
62333765346338626539353534373236333761386464363938633339626366353638313037306439
63653965396633393161313066393362323465646437363335653563393438353961313632396662
37373962383130663563303563373565383339636435386532643764363134646365396333393064
33636635623131623262613033396433663037336663373834323536663136623561363535326236
38326632646366623964643163653063613834316433376331396535333763656239636238373534
30353332383030626331616636343463313766643333306264376365373166306139663039613464
38636636646462363435643338313465663936303137316333353433323431613366363665653237
63656534613037346434366635306433663137316535383561333536303165633864666662653663
32303836323763666463666432366236663931303563303663343539613366366339616137663838
65633233656564383034306364336531616638353531643230323666633434326666646261306234
37343238306233643035383036383631356231636337623861646336386261376239663165323230
61366363646635356161393532383061633831376561323434316664633732313530373934323362
33626633316237303636363462323662613061316261313761663535393636616665623436643264
34316532393030633963393566323033333563373734343638393463633834643764363364616539
31313065636131653837616630646430346437376665366265393333316539643538653566353436
61393939353337656234616565313130396337663035666332346432323066383933336361633966
313035636438653938623163323261653562
