$ANSIBLE_VAULT;1.1;AES256
37336465396336323531663265313564653538306630613635633962623433646537623861326238
6665666234336334656334643935313832623466643330630a343235366535613032316134393235
63643537613366633436353334343863616463653637386534376530303334623135623238313963
3030313832623330300a646362323065373165613364643638623863323634643333396662333731
66343662663937626564316663323035623366643237626430393637623939633634643166336531
33383063316232323338393535666663656431646434666366373337323936633633366633333161
39663237623535356134393465613933336239626337353238653036396463616666393962333063
38356631383431396164663739623762363261663030316463313066373630306134326330386466
35613864313032323634333561326362653238666564313639343933663933313165643136313138
32316564656631643830626432386532633236666138653137613031306333373034306232656363
66396363383733636662656133623734386335373631343666623032666566613761643866623935
63313436666638623334336561653462336162303630383962326664353066663861633661393862
3137
