$ANSIBLE_VAULT;1.1;AES256
63623438666463313961663134323164366133306366306561383631376665303665316634636435
6365613463393537323336336632393261633131373664360a306131323263386439343739383535
38613963383162306533656536396666373139323263356130333439663533303364383633336530
3866366361383134320a646531313138336464333932653062316665326462366465326636303335
62353530356139373533323134343362613232343334346335666439303763336536643338386238
33623331646165326563666637313961326664653262633230346665323262326638613332383735
38643839653162656130346332633638373761316432633133653665373238393036313561313238
36383633656636356632343034323666383136653864346239396236666336323038643963663565
35353864613064626238626239633539303462663264353762616436363231646366643733333733
39613633336530643939376262393332376234343437643865363065346633376333393435616138
65396363663632313764396538383438353338333861383366373365613436303034323762613465
32643264306636623866376138633035333232343262353461643664626534616562653433303332
33643065376462343333303432643234623032636636653261656634386439386230353962613763
61326161666663313366383838376163363265303334396661346630666638386337313462363530
31396230373530306339323764366266383864373635333131393638326164363761633030633262
61343035373739386334
