$ANSIBLE_VAULT;1.1;AES256
33316363323636373139306264343061633135633734313936613837616632306437313263643631
6662343761303838396136303533643830663866633537310a316132363233353134393061383239
34356135613537646335613365663837386663363837363435316238303239376664663134373831
3838343133303436320a343336306136346232316530303631333532666530336639383964646433
32656638666139326439343733636436373230656132656362663961363832656130616166306163
61656461313734366334353963366165336165633665383932396465636632643564646661643635
62343763353862326632386134616566363463313334623763303038373265383532636366346137
37363166376665353539353635343266616266376663363965383434396436373136666666633830
64613033646437656133656435363631303637643066303435663732393632306263313734636232
33363138346530393337353965666266646333306131333236616463306666356333386538303663
62393664346230333366333239313536383337616433376239356466343066326566383961316631
35643164303130626634396436363739643233346539653133343164386537356237336262636161
31376535363734306662353161643066623134313064353434646132643766623135396663636438
3664353530636366373066303338376636643761623036393062
