$ANSIBLE_VAULT;1.1;AES256
65636463663537656535313162643832353139306536366263636362623962316263666535333237
3061633163393564303539633432653434626335613238300a323532633733383536326639326532
61316463396339356161343163353030656634356532626339666261326239396162363032663638
3861643361353131310a373331383562623331373933373837363834353739333430373031306235
65396636613137316433653464656161363832353861633631306562656236353963653462346436
37336233383637626236643261393636306239336163316632643430376639636138306331303764
63353634323734663361626563303562323363366666666131646366376131366133626332333937
39363066316231373737336134323436346537363036663865343264366338306336356434323133
62353132343334613664616464383137653163356634376435636137393566393866616430666235
36646338636537396536653137613564663132366532393234366265323161326662353234633061
38646661646638623934383033326235346531346465343533653330356530393637323133373363
39386565343635636362386530326436373765316662656630333436646265336463303734316665
64343639656534353737323165306462343338373662303563366366343337646439623864336638
30376665396266343061383234393662643537383630346665663963306336346231343632656134
65303838613836386531333634343931616432376663373964373131663162313564306264333162
39373430663837356632393837363565313065373261633631633231663534346561633638396266
38663433646532316663623035313736663264623533636239343437653736633039343339376462
39303537346262396262383163636337383234386565366233636634323538656138633065306232
62356437356466633964336363656665393561636562663962643336323137393664656638303738
66393964613963316337626562383339323937306664653364356333313237643962306664313435
62633634616335663164396265653235333331326666393935383038373235643664363036393933
36636536333161323230346461323732613539313665386363353736653464636131623234616236
353162636661333361353631373635306663
